524288000S
72996109 69
3665 1
-12522 -3
-3748 -1
3647 1
3193 1
5200 1
-12264 -3
3876 1
4090 1
3355 1
3197 1
3684 1
440016 1
4026 1
3408 1
16147 1
41783 8
-42518 -8
49382 1
1885 1
14573 1
4121 1
4121 1
-4195 -1
3472 1
3337 1
1690617 1
5069 1
3472 1
-3539 -1
8406 2
-8561 -2
2857 1
2857 1
-2935 -1
3053 1
-3117 -1
1885 1
14126 1
-14340 -1
3710 1
443540 1
4587 1
3406 1
11703 3
-11926 -3
12081 1
14309 1
-73674 -16
-1712596 -1
506256 1
-513613 -1
233360 1
4607 1
-4690 -1
3563 1
-3632 -1
3672 1
4961 1
4210 1
4016 1
5089 1
9347 1
4879 1
3454 1
3123 1
20137 1
4391 1
282550 1
-286233 -1
67279 11
-68398 -11
3780 1
3097 1
3442 1
3942 1
3490 1
3486 1
4673 1
267432 1
2852 1
3949 1
3762 1
3567 1
4411 1
14265 1
14265 1
-14481 -1
4017 1
4017 1
-4092 -1
4478 1
3556 1
3708 1
3009 1
326634 17
-331283 -17
7967 1
3367 1
3367 1
-3434 -1
7967 1
-8092 -1
13471 1
3020 1
3420 1
3524 1
9739 1
3271 1
3441 1
4499 1
3251 1
21617 1
3829 1
-86971 -13
1885 1
49382 1
440016 1
69156 1
-641977 -15
11098 1
-11323 -1
11256 1
11265 1
-11483 -1
11283 1
-11492 -1
11291 1
-11511 -1
11340 1
-11519 -1
11344 1
-11568 -1
11341 1
-11572 -1
11360 1
-11569 -1
11362 1
-11589 -1
11369 1
-11591 -1
11400 1
-11598 -1
11458 1
-11629 -1
11696 1
-11688 -1
11718 1
-11930 -1
11754 1
-11952 -1
11754 1
-11989 -1
-11989 -1
18044 1
3497 1
-3565 -1
49382 1
17672 1
17257 1
11843 1
-12027 -1
17696 1
17257 1
5657 1
3700 1
20541 1
23219 1
6425 1
-5755 -1
20865 1
3267 1
-37201 -4
3377 1
-3444 -1
4509 1
4509 1
-4588 -1
3630 1
3630 1
-3700 -1
203368 1
4083 1
4083 1
-4160 -1
3233 1
4862 1
3333 1
4062 1
3898 1
4589 1
3885 1
3985 1
3312 1
3531 1
3542 1
14131 1
3620 1
-12448 -3
-61056 -13
4207 1
-4283 -1
6983 1
-7107 -1
3490 1
417306 1
12654 1
4239 1
4239 1
-4317 -1
1100473 1
8059 1
3232 1
26536 1
27435 4
-27887 -4
3898 1
3393 1
4232 1
-27887 -4
-11739 -3
-4317 -1
4460 1
-4539 -1
2508 1
3261 1
-2556 -1
-3319 -1
18203 1
4693 1
4693 1
-4778 -1
4451 1
4451 1
-4533 -1
14244 1
4198 1
10688 1
-18736 -2
-10855 -1
14973 1
4712 1
4712 1
-4797 -1
4042 1
4042 1
-4117 -1
4480 1
25178 1
4480 1
-4559 -1
24979 1
24979 1
24983 1
19284 1
-8676 -2
9114 1
9114 1
-9253 -1
-23361 -4
13571 1
13709 1
-13858 -1
13718 1
-13998 -1
13767 1
-14008 -1
13778 1
-14057 -1
13788 1
-14068 -1
13800 1
-14079 -1
13768 1
-14091 -1
13811 1
-14058 -1
13856 1
-14102 -1
13879 1
-14148 -1
13888 1
-14171 -1
13951 1
-14180 -1
13944 1
-14244 -1
13951 1
-14237 -1
13955 1
-14244 -1
13986 1
-14248 -1
13987 1
-14280 -1
13995 1
-14281 -1
14010 1
-14289 -1
13997 1
-14304 -1
14004 1
-14291 -1
14006 1
-14298 -1
14038 1
-14300 -1
14048 1
-14332 -1
14048 1
-14342 -1
14049 1
-14342 -1
14059 1
-14343 -1
14064 1
-14354 -1
14072 1
-14359 -1
14084 1
-14367 -1
14104 1
-14379 -1
4223 1
14129 1
-14399 -1
14139 1
-14425 -1
14158 1
-14435 -1
14165 1
-14454 -1
14223 1
-14461 -1
14312 1
14274 1
14315 1
14317 1
14327 1
-72925 -5
14343 1
14373 1
14552 1
14586 1
14725 1
14811 1
14852 1
14854 1
14907 1
14908 1
14969 1
14959 1
14964 1
14991 1
14996 1
14991 1
15016 1
15030 1
15038 1
15016 1
-302291 -20
-4300 -1
15134 1
15248 1
15266 1
15271 1
15289 1
15301 1
15303 1
15314 1
15320 1
15390 1
15430 1
15475 1
15576 1
15714 1
15715 1
-250778 -16
24302 1
8356 1
8356 1
3459 1
-3527 -1
3745 1
24979 1
-25339 -1
-342809 -19
3485 1
3485 1
-3553 -1
16521 1
3238 1
-3817 -1
10621 1
5035 1
7973 1
8027 1
-8117 -1
8058 1
-8172 -1
8057 1
-8203 -1
8056 1
-8202 -1
8076 1
-8201 -1
8109 1
-8221 -1
8125 1
-8255 -1
8153 1
-8271 -1
8186 1
-8299 -1
8202 1
-8333 -1
8360 1
-8349 -1
8406 1
-8510 -1
8431 1
-8557 -1
8474 1
-8582 -1
8493 1
-8626 -1
8515 1
-8645 -1
8556 1
-8667 -1
8573 1
-8709 -1
8633 1
-8726 -1
8813 1
-8787 -1
9001 1
-8971 -1
9293 1
-9162 -1
9286 1
-9458 -1
9292 1
-9451 -1
9301 1
-9457 -1
9351 1
-9466 -1
9392 1
-9516 -1
9408 1
-9557 -1
9422 1
-9574 -1
9461 1
-9588 -1
9513 1
-9627 -1
9552 1
-9680 -1
9582 1
-9720 -1
9653 1
-9750 -1
9878 1
-9822 -1
4598300 1
-10050 -1
4598331 1
-4658123 -1
4598355 1
-4658155 -1
4598368 1
-4658179 -1
4598409 1
-4658192 -1
4598462 1
-4658234 -1
4598442 1
-4658288 -1
4598468 1
-4658268 -1
4598470 1
-4658294 -1
4598471 1
-9316593 -2
4602401 1
35848 1
15037 1
15062 1
-15293 -1
15074 1
-15318 -1
-3553 -1
15144 1
-15330 -1
15162 1
-15402 -1
15214 1
-15419 -1
15276 1
-15472 -1
15327 1
-15535 -1
15365 1
-15587 -1
15395 1
-15625 -1
15554 1
-15656 -1
15587 1
-15817 -1
15825 1
-15851 -1
-16092 -1
19237 1
32189 1
16732 1
19831 1
4861 1
3130 1
3556 1
47137 1
-11765 -3
24807 1
6252 1
-6357 -1
491255 1
-498395 -1
32279 1
69615 1
4742 1
4742 1
-4825 -1
3795 1
4188 1
4387 1
4387 1
-4468 -1
-9293 -2
-8133 -2
-70911 -1
3517 1
-3586 -1
32239 1
9086 1
9086 1
-9225 -1
52041 1
4297 1
-4373 -1
