1547139601,1.2,18436,8
1547143202,0,0,0
1547146801,0,0,0
1547150401,0,0,0
1547154001,0,0,0
1547157602,0,0,0
1547161201,0,0,0
1547164801,0,2314,1
1547168401,0.6,11574,15
1547172001,0,0,0
1547175602,0,0,0
1547179201,0,0,0
1547182801,0,0,0
1547186401,0,0,0
1547190001,0,0,0
1547193601,0,0,0
1547197201,3,9629,97
1547200801,0.6,10170,3
1547204401,0,7718,1
1547208001,0,2314,1
1547211601,0,0,0
1547215201,0,0,0
1547218801,0,0,0
1547222401,0.6,23680,5
1547226002,0,0,0
1547229601,0,0,0
1547233201,0.6,23466,5
1547236802,1.2,35152,1
1547240401,57,35083,200
1547244001,19.2,47249,57
1547247601,27,47492,145
1547251201,4.8,45464,22
1547254801,3.6,15585,63
1547258401,2.4,44469,13
1547262001,3,47487,14
1547265601,4.8,47519,24
1547269202,0.6,47504,4
1547272801,1.8,47504,9
1547276401,0.6,47504,2
1547280001,3,47540,15
1547283601,4.8,47784,17
1547287201,4.8,47505,25
1547290801,17.4,47333,101
1547294401,13.8,46890,79
1547298002,12,24904,90
1547301601,16.2,46968,71
1547305202,2.4,21056,33
1547308801,3.6,45721,7
1547312401,1.2,47488,5
1547316001,1.2,47495,7
1547319602,19.2,47502,107
1547323201,18,47490,103
1547326801,1.2,47488,5
1547330401,0.6,47504,3
1547334001,1.2,47495,7
1547337602,3,43903,16
1547341201,9,23268,104
1547344802,1.2,47498,8
1547348401,6,47502,29
1547352001,1.8,43521,10
1547355601,1.2,47552,7
1547359202,1.8,46254,10
1547362801,1.8,47495,9
1547366402,2.4,47489,13
1547370001,9,44716,50
1547377201,7.2,24932,81
1547380801,21.6,47096,120
1547384401,1.8,47514,8
1547388002,1.8,47466,11
1547391602,13.2,47499,71
1547395202,3,46760,17
1547398801,13.8,47341,73
1547406001,4.2,47514,22
1547409601,4.2,47565,19
1547413201,1.8,47496,8
1547416801,10.2,47461,56
1547420401,1.8,47494,8
1547424001,7.8,46497,44
1547427601,4.2,14654,77
1547431201,2.4,47506,10
1547434801,2.4,47493,12
1547438402,2.4,47488,12
1547442001,2.4,41373,13
1547445601,1.8,47499,9
1547449201,1.8,47491,10
1547452802,6,47604,26
1547456401,1.2,47491,6
1547460002,10.8,47498,55
1547463602,2.4,47483,12
1547467201,13.8,46874,68
1547470802,3,47599,12
1547474401,6,47469,33
1547478001,8.4,47515,44
1547481601,57,47491,293
1547485201,18,47378,91
1547488801,5.4,47497,28
1547492401,12,47465,61
1547496001,1.8,47494,8
1547499601,7.2,47464,37
1547503201,10.2,47462,56
1547506801,0,0,0
1547510402,0.6,32441,3
1547514001,3.6,13782,75
1547517601,1.2,47626,5
1547521201,0.6,47504,3
1547524801,0.6,47483,3
1547528401,1.2,36123,7
1547532001,0.6,47504,2
1547535601,1.8,47504,8
1547539201,0.6,47504,2
1547542802,16.8,47259,89
1547546401,12.6,47467,68
1547550001,2.4,47495,11
1547553601,1.2,39951,6
1547557201,15.6,47557,82
1547560801,16.8,47376,88
1547564401,7.2,47482,34
1547568001,6.6,47165,35
1547571601,2.4,47469,12
1547575201,9,47515,46
1547578801,6.6,47463,32
1547582401,6.6,46867,38
1547586002,0.6,44400,4
1547589601,1.2,47488,7
1547593201,1.2,47504,7
1547596801,1.2,39959,6
1547600401,0.6,47472,4
1547604001,3.6,13699,76
1547607601,1.2,47478,5
1547611201,6,47083,31
1547614801,2.4,44661,14
1547618402,0.6,37558,4
1547622001,0.6,47472,2
1547625601,7.2,47465,38
1547629201,0.6,47472,2
1547632801,4.2,47517,19
1547636401,2.4,20026,36
1547640002,12,38700,92
1547643601,15.6,46920,85
1547647201,5.4,47570,30
1547650801,25.8,47065,132
1547654402,13.2,47110,75
1547658001,20.4,47559,104
1547661601,10.2,46741,59
1547665201,30.6,48414,154
1547668801,15.6,44519,93
1547672401,4.8,46350,28
1547676001,15,45731,24
1547679601,0,47504,1
1547683201,0.6,36350,4
1547686801,1.2,47504,5
1547690401,4.8,17332,72
1547694001,0,47504,1
1547697601,7.8,47477,41
1547701201,1.8,47504,7
1547704801,0.6,47504,2
1547708401,1.2,47603,6
1547712001,1.2,36139,7
1547715602,17.4,47502,89
1547719201,2.4,47491,14
1547722802,7.8,47508,36
1547726401,3,44564,15
1547730001,12.6,35738,100
1547733601,8.4,31489,76
1547737201,42,45448,245
1547740801,10.8,36536,73
1547744401,26.4,38083,154
1547748001,4.2,47001,23
1547751601,10.8,28385,97
1547755201,7.2,47208,44
1547758801,13.2,47130,32
1547762401,0.6,47468,4
1547766001,1.2,47784,4
1547769601,0.6,38466,5
1547773201,1.2,47508,4
1547776802,3,11883,71
1547780401,1.2,47483,6
1547784002,1.2,47475,6
1547787601,1.2,47493,6
1547791201,0.6,47498,5
1547794801,0.6,47728,3
1547798401,2.4,47472,16
1547802001,0.6,47504,2
1547805601,7.2,45701,44
1547809201,15,47092,88
1547812801,1.2,38777,8
1547816401,17.4,47488,112
1547820001,14.4,47490,83
1547823601,10.2,47364,62
1547827201,5.4,47220,30
1547830802,12.6,47538,66
1547834401,1.8,45279,11
1547838001,1.8,46270,10
1547841601,0.6,47472,2
1547845201,3.6,45367,23
1547848801,22.2,47304,121
1547852402,3,21005,38
1547856001,0.6,36374,4
1547859601,2.4,45382,11
1547863201,3,13679,75
1547866801,1.8,47487,11
1547870401,1.2,47616,6
1547874001,0.6,47482,5
1547877601,1.2,47509,7
1547881201,17.4,47342,103
1547884801,12,47460,75
1547888401,10.2,47579,47
1547892002,16.2,40710,125
1547895601,6.6,46888,42
1547899201,7.2,45094,48
1547902801,6.6,44985,42
1547906402,7.2,47073,41
1547910001,4.2,46429,27
1547913601,1.2,44852,8
1547917201,2.4,45950,13
1547920802,0.6,47475,5
1547924401,4.8,47520,27
1547928001,18.6,47533,97
1547931601,6.6,47149,36
1547935202,6,47470,34
1547938801,8.4,47473,50
1547942401,1.8,43393,11
1547946001,1.8,47578,8
1547949601,4.2,16117,81
1547953201,1.8,47586,9
1547956801,9,47512,48
1547960402,1.8,47582,8
1547964001,1.8,47605,9
1547967601,0.6,47488,3
1547971202,10.2,47524,55
1547974801,0.6,47504,3
1547978401,1.8,47506,9
1547982001,1.2,47504,5
1547985601,10.8,46824,67
1547989201,5.4,47464,32
1547992801,1.8,39568,10
1547996402,5.4,47523,30
1548000001,0,47504,1
1548003601,0.6,47488,4
1548007201,1.2,47496,6
1548010801,0.6,47504,2
1548014401,1.2,47494,5
1548018001,0.6,47488,3
1548021601,10.2,47491,57
1548025201,0.6,47485,5
1548028801,0.6,36206,4
1548032401,3,47505,14
1548036001,5.4,18855,73
1548039601,0,0,0
1548043202,0.6,47504,2
1548046801,6,47471,37
1548050401,3,47534,16
1548054002,0,0,0
1548057602,1.2,47500,8
1548061201,52.2,47530,237
1548064801,31.2,47433,181
1548068402,32.4,47498,182
1548072001,9.6,46541,57
1548075601,213,31403,135
1548079201,16.2,47484,97
1548082802,43.2,37667,333
1548086401,12.6,30175,112
1548090001,41.4,46999,221
1548093602,7.8,44654,41
1548097201,0.6,47472,3
1548100801,2.4,47545,11
1548104401,22.2,45550,127
1548108001,1.8,39591,9
1548111601,7.2,47525,42
1548115202,5.4,45940,29
1548118801,1.8,43565,10
1548122401,1.8,47655,7
1548126002,3,12528,72
1548129601,12.6,47491,68
1548133201,6.6,47509,34
1548136802,4.8,47516,30
1548140401,1.8,44908,11
1548144002,10.8,46858,58
1548147601,12.6,47534,70
1548151201,3,47501,16
1548158402,73.2,47394,383
1548162001,6,47540,34
1548165601,7.8,47466,49
1548169201,3,47519,17
1548172801,9,46755,50
1548176401,2.4,47519,12
1548180001,1.2,47507,6
1548183601,1.8,47728,7
1548187201,0,20980,3
1548190801,0.6,47504,2
1548194401,12,47464,73
1548198001,0,47504,1
1548201601,0.6,38466,5
1548205201,0.6,47492,4
1548208801,1.2,47550,7
1548212401,3,12777,60
1548216001,4.2,46080,27
1548219601,1.2,47563,6
1548223201,1.8,47576,8
1548226801,0.6,41506,6
1548230401,15.6,47526,90
1548234001,46.8,46120,280
1548237601,31.2,29603,281
1548241201,7.2,47226,39
1548244802,4.2,45123,24
1548248401,12,47291,50
1548252001,1.2,47499,7
1548255601,3.6,46922,20
1548259201,3.6,46514,21
1548262801,13.2,47358,75
1548266401,32.4,47384,170
1548270001,13.2,47415,71
1548273602,13.2,47312,73
1548277201,31.2,37295,25
1548280801,0.6,35296,1
1548284402,24,28681,179
1548288002,8.4,44623,43
1548291601,0.6,47504,4
1548295201,3,47513,14
1548298801,4.2,13258,74
1548302401,4.8,47484,30
1548306001,4.8,47527,24
1548309601,1.8,47506,9
1548313201,13.8,47477,76
1548316801,3,45605,19
1548320401,4.2,47547,21
1548324001,13.2,47465,73
1548327601,1.8,47498,8
1548331201,6,46080,32
1548334801,3.6,47528,19
1548338401,1.8,47589,10
1548342001,12,47532,64
1548345601,14.4,47033,82
1548349202,9.6,47549,48
1548352801,2.4,34572,16
1548356401,35.4,27425,376
1548360001,9,34134,85
1548363601,4.2,39527,26
1548367201,4.8,40933,32
1548370801,1.8,36869,12
1548374401,2.4,34112,17
1548378001,4.8,39661,27
1548381601,0.6,26255,6
1548385201,3,12768,78
1548388801,4.8,42361,33
1548392401,1.8,34446,13
1548396001,0.6,21476,7
1548399602,1.2,31567,8
1548403201,3,35189,23
1548406801,6,23470,66
1548410401,12.6,19815,183
1548414001,93.6,46182,551
1548417601,88.2,46298,551
1548421201,8.4,36664,60
1548424801,14.4,45986,94
1548428401,1.8,33384,12
1548432001,10.2,43922,59
1548435601,1.2,27904,13
1548439201,8.4,42248,57
1548442801,12.6,45192,74
1548446401,4.8,40860,32
1548450001,13.2,44162,89
1548453601,3.6,40165,23
1548457201,1.2,26296,10
1548460801,2.4,34882,17
1548464401,7.2,43033,38
1548468002,10.8,44509,56
1548471601,7.2,20542,99
1548475201,3,38566,19
1548478801,1.2,30500,10
1548482401,10.8,44967,67
1548486001,3.6,40425,24
1548489602,1.8,33815,15
1548493201,3,39032,20
1548496801,4.2,38837,24
1548500401,11.4,42651,79
1548504002,9,32330,67
1548507601,15,39803,101
1548511201,35.4,44047,193
1548514801,35.4,37814,294
1548518401,25.2,40140,201
1548522001,4.8,32026,46
1548525601,38.4,44063,279
1548529202,11.4,40601,74
1548532801,0,5024,8
1548536401,0.6,17754,10
1548540001,3,38090,18
1548543602,1.8,33341,15
1548547201,1.2,21822,15
1548550801,0.6,17206,7
1548554402,1.8,27505,17
1548558001,3,11894,76
1548561601,1.2,28609,9
1548565201,10.8,44710,61
1548568801,1.8,26901,16
1548572401,0,13519,5
1548576001,3.6,39607,26
1548579602,6.6,42764,36
1548583201,3.6,39775,22
1548586801,9.6,43427,52
1548590401,1.2,30942,13
1548594002,1.2,28613,9
1548597601,1.8,36991,12
1548601201,2.4,38088,18
1548604802,21,28070,222
1548608402,0.6,20994,8
1548612001,1.8,37693,13
1548615602,11.4,37327,87
1548619201,61.2,50904,354
1548622802,1.8,33481,13
1548626401,0,5022,4
1548630002,5.4,42641,35
1548633601,1.8,26053,10
1548637201,0,13535,5
1548640801,1.8,37710,13
1548644402,3.6,14311,82
1548648001,1.2,33340,12
1548651601,1.2,30532,10
1548655201,1.8,34275,16
1548658801,9.6,44683,61
1548662401,20.4,45842,123
1548666001,3,40538,18
1548669601,4.2,40965,26
1548673201,1.8,34424,13
1548676801,2.4,35983,15
1548680401,12,45680,70
1548684001,1.8,34422,13
1548687601,3,40437,18
1548691201,5.4,39226,36
1548694801,1.2,35918,11
1548698401,3.6,39383,21
1548702001,1.8,34423,13
1548705601,24,47625,142
1548709201,4.2,42577,33
1548712802,2.4,39530,16
1548716401,3,36317,19
1548720002,21.6,45800,97
1548723601,1.8,36167,15
1548727201,0.6,26263,8
1548730802,1.2,31559,8
1548734401,9.6,24899,121
1548738001,0.6,23888,9
1548741601,15,46048,88
1548745202,6.6,40946,36
1548748801,31.8,46271,178
1548752402,34.2,46595,196
1548756001,54.6,46235,308
1548759601,14.4,34244,117
1548763201,79.8,25853,395
1548766802,88.8,36710,358
1548770402,201,29797,293
1548774001,16.2,45199,138
1548777602,19.8,41075,134
1548781201,39.6,46073,221
1548784802,21.6,39649,197
1548788401,1.2,30029,16
1548792001,2.4,37447,20
1548795602,4.2,38066,27
1548799201,6.6,40769,61
1548802801,11.4,40545,77
1548806401,8.4,34662,48
1548810001,1.2,20184,14
1548813601,2.4,31011,18
1548817201,1.2,24677,13
1548820801,7.2,20337,107
1548824401,3,30504,25
1548828001,4.2,34226,32
1548831601,19.8,43738,110
1548835201,2.4,22735,24
1548838801,4.8,24024,47
1548842401,19.8,31409,193
1548846002,7.2,41681,81
1548849601,40.8,43036,254
1548853201,15.6,40427,124
1548856802,19.2,41343,123
1548860401,14.4,44537,95
1548864001,7.8,41475,47
1548867602,3,34754,20
1548871201,1.2,28228,11
1548874801,7.2,41521,42
1548878402,5.4,37929,31
1548882001,4.2,36095,26
1548885601,4.8,39036,30
1548889201,7.2,41302,48
1548892802,1.8,29866,17
1548896401,6,40376,35
1548900001,0.6,19179,12
1548903601,0.6,19179,9
1548907201,5.4,16575,93
1548910801,2.4,32054,22
1548914402,3,29939,24
1548918001,6.6,39587,43
1548921601,4.2,37809,30
1548925201,1.8,28916,16
1548928801,3.6,17551,78
1548932401,16.2,44827,96
1548936002,3.6,34859,27
1548939601,4.8,33612,68
1548943201,6.6,41146,40
1548946801,19.2,45240,118
1548950401,7.2,41214,42
1548954001,3.6,19679,73
1548957601,4.2,37717,26
1548961201,3,34862,35
1548964801,1.8,29290,14
1548968401,6,38200,41
1548972001,6,36341,38
1548975601,2.4,32552,17
1548979202,17.4,44237,105
1548982801,7.2,40605,43
1548986401,3.6,35262,24
1548990001,3.6,38068,27
1548993601,9,22858,112
1548997201,1.2,24879,15
1549000802,4.8,36857,36
1549004402,5.4,41596,36
1549008001,6.6,39788,43
1549011601,1.8,30500,15
1549018801,7.2,41299,48
1549022402,17.4,31059,204
1549026001,37.2,44589,274
1549029601,19.2,41924,151
1549033201,14.4,36762,120
1549036802,32.4,16810,32
1549040402,40.8,46470,251
1549044001,28.8,36875,277
1549047601,8.4,27057,93
1549051201,4.2,22558,80
1549054801,7.8,38327,65
1549058402,4.8,44487,37
1549062001,4.2,34667,32
1549065601,1.2,26062,14
1549069201,1.8,28650,18
1549072802,1.8,28613,18
1549076401,1.2,20533,11
1549080001,4.2,13691,85
1549083601,4.8,40191,35
1549087201,1.8,26259,16
1549090801,4.8,39746,33
1549094401,2.4,28698,20
1549098001,6,20801,76
1549101601,16.2,44175,102
1549105201,13.2,40048,39
1549108801,31.8,40191,235
1549112401,18,43636,109
1549116002,1.8,25872,17
1549119601,18.6,44661,104
1549123201,10.8,29204,106
1549126801,12.6,44674,86
1549130401,65.4,46429,402
1549134001,27,41386,191
1549137601,6,40397,42
1549141201,4.2,30565,28
1549144801,14.4,44118,86
1549148401,1.8,27509,17
1549152001,1.2,17356,17
1549155601,1.2,22008,15
1549159201,1.8,28620,18
1549162801,3.6,34446,26
1549166401,4.8,15241,89
1549170001,1.8,28942,16
1549173601,1.8,22519,17
1549177201,0.6,16233,12
1549180802,19.2,44459,126
1549184401,12.6,43486,85
1549188001,2.4,30988,18
1549191601,1.8,31639,16
1549195201,1.2,19996,14
1549198801,0.6,16603,11
1549202401,3,30204,22
1549206001,20.4,35008,168
1549209601,1.8,26250,18
1549213201,1.2,24839,15
1549216801,1.8,26256,16
1549220401,2.4,33336,21
1549224001,6,37287,29
1549227601,4.8,38035,36
1549231201,1.2,24883,15
1549234801,0.6,12745,11
1549238401,1.8,27233,19
1549242001,1.8,26262,18
1549245601,6.6,38322,46
1549249201,0,5022,8
1549252801,8.4,23004,100
1549256402,2.4,30971,23
1549260001,20.4,44574,132
1549263601,0.6,13524,10
1549267202,1.8,26609,18
1549270801,2.4,32652,20
1549274401,6.6,39007,40
1549278001,20.4,45379,120
1549281601,77.4,43240,507
1549285201,25.2,38111,188
1549288802,1.8,14922,30
1549292401,1.2,22033,10
1549296001,1.8,27508,17
1549299601,1.2,12114,18
1549303201,1.2,29357,14
1549306801,1.8,28915,16
1549310401,3.6,22889,38
1549314001,4.2,32408,31
1549317601,8.4,41062,53
1549321201,1.8,24879,15
1549324801,0.6,9006,10
1549328401,1.2,26279,14
1549332001,0.6,14132,14
1549335601,1.8,30586,15
1549339202,4.2,13547,74
1549342801,1.8,24888,15
1549346401,1.2,23223,14
1549350001,18,44355,105
1549353601,1.2,26255,12
1549357202,1.2,24630,13
1549360801,7.8,40695,43
1549364401,2.4,25374,23
1549368001,3,21713,38
1549371601,10.2,35183,76
1549375201,18,43992,110
1549378801,3,33993,22
1549382401,10.8,28573,100
1549386001,2.4,34084,19
1549389601,1.8,27950,13
1549393201,1.8,34531,21
1549396802,10.8,39045,60
1549400402,1.2,24667,13
1549404001,0.6,22003,10
1549407602,3,32755,23
1549411201,0,9457,9
1549414801,1.8,23229,21
1549418402,0,5024,7
1549422001,0.6,20471,11
1549425601,3,13540,69
1549429201,1.8,26255,16
1549432801,4.2,35001,34
1549436402,1.2,27936,13
1549440001,1.8,26660,16
1549443601,1.2,23893,18
1549447201,7.2,42655,44
1549450801,10.8,43723,68
1549454401,11.4,43351,72
1549458001,10.2,42907,55
1549461601,5.4,41405,35
1549465202,4.2,40719,25
1549468801,8.4,39579,53
1549472401,1.8,27665,15
1549476001,1.2,24330,11
1549479601,1.2,24656,13
1549483202,7.2,42309,41
1549486801,1.2,13220,26
1549490402,8.4,33509,73
1549494001,0.6,9784,18
1549497601,10.2,41197,61
1549501202,7.2,41583,43
1549504801,1.8,29009,16
1549508401,1.2,19228,12
1549512001,7.2,41038,46
1549515601,5.4,16547,84
1549519201,1.2,21395,13
1549522802,1.2,20498,11
1549526401,1.2,26724,14
1549530001,0.6,17763,10
1549533601,4.2,37309,25
1549537201,5.4,41889,38
1549540802,0.6,23645,9
1549544401,16.2,44394,96
1549548001,1.2,22021,15
1549551601,13.8,39105,86
1549555202,1.8,14646,27
1549558801,0.6,14479,9
1549562401,7.2,42174,48
1549566001,1.8,30967,18
1549569601,3.6,20853,43
1549573201,7.8,28795,75
1549576801,1.8,12845,38
1549580401,0.6,7363,36
1549584002,2.4,12570,45
1549587601,1.8,12102,36
1549591201,1.2,14256,23
1549594801,8.4,32858,58
1549598401,1.2,11940,25
1549602001,5.4,16142,94
1549605601,1.8,16354,30
1549609201,1.8,16296,27
1549612802,9,36556,70
1549616402,7.8,32430,62
1549620001,16.8,42162,112
1549623601,6.6,38411,42
1549627201,1.8,13640,61
1549630801,37.2,44670,197
1549634401,0.6,23911,9
1549638001,4.2,41247,27
1549641601,1.8,33366,15
1549645201,31.2,46059,177
1549648801,28.8,45945,165
1549652401,4.2,34964,27
1549656001,0.6,19257,9
1549659601,1.2,24634,13
1549663201,8.4,41049,46
1549666801,6,39637,43
1549670401,1.2,19002,15
1549674001,0,10334,8
1549677602,6.6,41415,42
1549681201,1.8,23922,16
1549684801,1.8,26262,16
1549688401,5.4,17646,80
1549692001,3,31183,26
1549695601,4.8,38726,34
1549699201,4.8,37044,36
1549702801,3,33356,21
1549706401,7.2,22214,86
1549710001,6,40222,41
1549713601,1.2,26072,14
1549717201,9,40951,65
1549720801,16.8,44834,113
1549724401,6,40888,45
1549728001,13.2,43163,78
1549731601,5.4,40386,36
1549735201,7.2,40280,41
1549738801,7.8,40834,51
1549742401,0.6,19174,12
1549746001,7.8,41095,53
1549749601,8.4,40546,55
1549753201,5.4,38571,38
1549756801,2.4,23545,19
1549760401,1.8,27916,13
1549764001,1.8,27684,15
1549767601,1.2,22719,12
1549771201,6.6,41262,41
1549774802,8.4,21094,109
1549778401,1.8,30025,17
1549782001,1.8,24847,15
1549785602,4.2,35693,28
1549789201,1.2,20010,17
1549792801,1.8,28628,18
1549796401,7.8,40295,47
1549800001,6,38476,38
1549803601,18,43940,103
1549807201,2.4,32066,20
1549810802,1.2,27900,13
1549814401,4.2,34864,30
1549818001,6,37548,47
1549821601,0.6,14467,9
1549825201,27.6,22646,234
1549828801,13.2,22129,95
1549832401,6.6,41315,46
1549836002,4.8,37606,40
1549839601,2.4,28655,18
1549843202,3.6,32693,26
1549846801,6,39440,37
1549850401,1.8,28613,18
1549854001,1.2,22726,12
1549857601,2.4,29543,21
1549861201,4.8,16294,92
1549864801,1.2,22017,15
1549868401,1.2,20420,17
1549872001,7.8,42280,49
1549875601,8.4,25757,87
1549879201,13.8,45196,76
1549882801,16.2,44325,94
1549886401,9.6,32589,80
1549890001,3,24209,31
1549893601,11.4,43938,72
1549897202,3,34775,20
1549900801,4.2,38975,35
1549904401,6.6,25148,79
1549908001,2.4,31626,18
1549911601,3,34110,19
1549915201,1.8,23956,17
1549918802,6.6,39985,45
1549922401,1.2,20189,14
1549926001,1.8,26265,16
1549929601,6,38477,38
1549933201,9.6,41991,62
1549936802,4.2,36153,30
1549940401,4.8,40403,36
1549944001,6,39194,41
1549947601,3,11259,67
1549951201,3,28621,27
1549954801,9.6,42708,61
1549958401,1.8,27506,17
1549962002,1.8,30509,15
1549965601,6.6,42166,40
1549969201,12.6,18130,99
1549972801,2.4,24395,24
1549976401,3,26259,26
1549980002,5.4,34061,38
1549983601,2.4,23507,23
1549987201,6.6,23722,87
1549990801,1.8,22548,31
1549994401,2.4,31651,16
1549998001,14.4,43680,78
1550001601,12,43667,67
1550005201,0.6,17885,10
1550008801,1.2,24622,13
1550012401,1.8,27402,19
1550016002,3,28201,19
1550019601,0.6,12745,11
1550023201,3,31105,23
1550026801,1.2,26287,14
1550030401,1.2,20205,14
1550034001,0.6,16594,11
1550037601,3.6,12561,84
1550041202,0.6,20471,11
1550044801,3.6,33629,24
1550048401,2.4,35754,18
1550052002,1.8,28940,16
1550055601,25.8,45319,158
1550059202,7.2,39728,49
1550062801,0.6,23900,9
1550066401,2.4,34766,20
1550070001,3.6,34581,23
1550073601,30.6,46135,186
1550077201,1.2,22025,15
1550080801,1.2,26283,12
1550084402,1.2,26255,14
1550088001,1.2,24333,11
1550091601,1.2,26261,14
1550095201,1.2,21368,13
1550098801,1.8,24840,15
1550102401,1.8,24851,17
1550106001,1.2,19190,12
1550109602,3,32634,20
1550113202,0,5038,8
1550116801,2.4,28620,18
1550120401,6.6,40944,39
1550124001,4.8,14686,79
1550127601,0.6,7045,21
1550131201,1.8,11711,39
1550134801,5.4,40392,36
1550138402,2.4,34087,19
1550142002,9,43220,60
1550145601,1.8,26257,18
1550149201,15,44522,85
1550152801,18.6,44585,101
1550156401,5.4,40436,30
1550160002,3,35371,21
1550163601,2.4,31572,16
1550167201,1.8,27703,15
1550170801,4.8,38699,29
1550174401,4.2,37313,25
1550178001,1.2,24335,11
1550181601,4.2,33342,27
1550185202,1.2,22753,12
1550188801,2.4,26217,18
1550192401,1.2,24331,11
1550196001,0.6,15647,8
1550199601,0.6,19171,9
1550203201,9.6,42607,52
1550206802,6,40408,42
1550210401,5.4,17728,81
1550214001,38.4,46302,202
1550217601,7.2,35665,42
1550221202,9,43688,56
1550224801,7.2,41138,46
1550228402,8.4,46486,40
1550232001,5.4,39791,35
1550235601,1.2,28217,11
1550239201,0.6,23916,9
1550242801,3,37404,21
1550246402,1.8,32343,14
1550250002,3.6,36890,20
1550253601,6,42776,36
1550257201,1.8,28391,13
1550260801,1.8,25079,15
1550264401,1.8,33345,15
1550268002,1.8,23787,16
1550271601,1.2,24335,11
1550275201,2.4,28507,18
1550278801,1.2,24335,11
1550282401,6,41260,34
1550286001,2.4,31317,21
1550289601,2.4,31600,16
1550293201,1.8,33346,15
1550296801,7.2,19635,104
1550300401,2.4,31015,18
1550304001,1.2,25164,13
1550307601,9.6,40614,68
1550311201,6,39810,33
1550314801,1.2,24317,11
1550318401,1.8,22765,19
1550322001,1.2,20509,11
1550325601,3,33367,21
1550329201,2.4,34123,19
1550332801,15,44526,86
1550336401,1.2,23229,14
1550340001,4.2,31448,29
1550343601,2.4,20087,31
1550347201,1.8,30018,17
1550350802,5.4,39809,33
1550354401,2.4,26264,20
1550358001,6.6,39935,45
1550361601,1.8,29856,17
1550365201,1.2,27891,13
1550368802,1.2,22730,12
1550372402,3,33344,21
1550376001,4.8,36006,33
1550379601,10.8,42469,67
1550383201,3.6,13380,74
1550386801,0.6,14132,15
1550390401,8.4,42921,56
1550394001,2.4,33332,18
1550397601,3.6,34579,23
1550401201,9.6,42114,55
1550404802,1.8,24668,15
1550408402,0.6,20472,11
1550412001,1.8,24861,15
1550415601,3.6,37330,25
1550419201,11.4,42816,73
1550422801,2.4,32642,20
1550426401,3.6,35935,22
1550430001,6.6,40392,36
1550433601,21.6,45410,124
1550437201,13.8,43753,79
1550440801,1.8,30508,15
1550444401,6,40765,38
1550448001,28.8,45232,178
1550451601,1.8,26261,14
1550455201,0.6,19213,12
1550458801,4.2,35350,31
1550462402,7.2,40420,42
1550466001,1.2,24667,13
1550469601,11.4,24554,126
1550473201,4.2,37479,29
1550476802,3.6,36072,26
1550480402,7.8,26483,89
1550484001,11.4,34486,80
1550487601,2.4,27202,23
1550491201,1.8,17508,27
1550494801,1.2,14233,23
1550498401,49.8,43513,265
1550502001,36,44274,210
1550505601,11.4,40967,76
1550509201,13.8,43080,87
1550512802,1.2,26275,10
1550516401,9.6,43812,58
1550520001,5.4,40833,32
1550523602,2.4,25313,21
1550527201,0.6,15648,8
1550530801,5.4,40191,35
1550534402,1.2,21151,13
1550538001,1.8,23112,19
1550541601,1.2,19192,12
1550545201,1.8,27509,17
1550548801,5.4,40595,37
1550552401,3,34094,19
1550556001,6.6,39185,46
1550559601,3,12117,79
1550563202,1.2,16838,18
1550566801,7.2,40890,45
1550570401,7.8,40741,43
1550574001,1.8,27721,15
1550577601,0.6,15393,8
1550584801,12,44969,68
1550588402,18,44954,101
1550592002,1.8,34424,13
1550595601,1.2,26331,12
1550599202,2.4,34229,16
1550602801,2.4,30510,20
1550606401,0.6,16626,11
1550610001,0.6,15646,8
1550613601,1.2,22013,10
1550617201,8.4,42659,52
1550620801,0.6,20221,11
1550624401,3,34569,23
1550628001,8.4,42082,47
1550631601,9.6,41784,52
1550635201,7.2,41676,44
1550638801,2.4,34754,20
1550642401,7.2,40719,44
1550646001,19.8,32363,155
1550649602,7.2,35118,55
1550653201,0.6,14175,14
1550656802,25.8,45723,145
1550660401,6.6,41256,41
1550664001,1.8,27489,15
1550667601,1.8,33363,15
1550671201,17.4,44889,99
1550674801,16.8,45407,102
1550678402,1.8,29286,14
1550682001,1.2,22078,10
1550685601,1.2,26358,10
1550689201,7.2,42879,46
1550692801,22.8,45544,132
1550696401,1.2,23610,16
1550700001,10.8,43867,59
1550703601,2.4,28387,20
1550707201,1.2,24418,13
1550710801,3,35118,24
1550714401,1.2,26296,12
1550718001,1.8,28940,16
1550721601,1.2,24630,13
1550725201,2.4,34235,16
1550728801,1.2,23907,9
1550732401,14.4,29144,128
1550736001,2.4,31340,18
1550739602,3.6,37504,25
1550743201,9,42640,52
1550746801,1.8,33346,15
1550750401,30.6,46255,173
1550754002,1.2,29798,12
1550757601,1.8,31215,13
1550761201,6,41456,35
1550764802,1.2,28624,9
1550768401,2.4,35023,17
1550772002,0.6,17165,7
1550775601,9.6,44594,59
1550779201,98.4,47172,570
1550782801,22.2,45817,127
1550786402,26.4,44507,149
1550790002,21,45461,116
1550793601,1.8,31013,13
1550797201,1.2,28220,11
1550800801,2.4,32544,17
1550804401,8.4,41443,42
1550808002,0.6,14464,9
1550811601,1.2,24330,11
1550815201,1.8,27687,15
1550818801,10.2,23378,115
1550822401,26.4,46447,152
1550826001,1.8,30567,15
1550829601,20.4,45432,101
1550833201,3,38565,19
1550836801,12.6,43863,70
1550840401,10.2,43701,56
1550844001,9,24226,120
1550847601,4.2,40124,27
1550851201,6,41452,36
1550854802,2.4,37656,18
1550858401,19.2,40973,116
1550862001,16.8,45727,65
1550865601,15,44096,89
1550869201,35.4,48555,181
1550872801,3,35335,31
1550876401,1.2,24998,17
1550880001,1.8,28751,16
1550883601,1.8,26296,16
1550887201,1.8,27515,17
1550890801,5.4,39867,39
1550894401,0.6,16078,12
1550898002,1.2,20471,11
1550901601,6.6,38602,43
1550905201,4.2,13990,85
1550908802,1.2,16978,18
1550912402,1.2,22778,12
1550916001,2.4,33342,18
1550919601,1.2,21360,13
1550923201,21,44665,125
1550926801,16.2,44569,91
1550930401,1.2,11867,31
1550934002,22.2,37967,143
1550937601,67.8,45545,398
1550941201,82.8,46752,462
1550944801,9,24508,131
1550948401,18.6,44273,105
1550952001,12,43799,67
1550955601,2.4,29690,19
1550959201,15.6,44306,94
1550962801,2.4,24326,22
1550966401,2.4,29476,19
1550970001,1.2,23222,14
1550973601,3.6,36071,26
1550977201,1.2,20017,17
1550980801,1.8,23612,16
1550984401,0.6,19179,12
1550988001,6.6,40402,42
1550991601,6.6,17575,97
1550995202,1.2,20198,14
1550998801,2.4,32555,17
1551002401,9,42347,58
1551006001,3.6,35617,25
1551009602,1.8,27517,17
1551013201,1.8,24843,15
