524288000S
0 0
11187 1
9040 1
31495 1
9517 1
7906 1
35172 1
8876 1
9514 1
393 1
498 1
498 1
1801 1
680 1
645 1
643 1
1766 1
612 1
616 1
46385 1
59346 1
51585 1
51610 1
51561 1
51615 1
51648 1
51591 1
51616 1
51603 1
51570 1
51583 1
51632 1
51580 1
51572 1
51630 1
51585 1
48398 1
-418807 -8
-415462 -8
616 1
2629 1
617 1
2637 1
-5428 -2
-9668 -1
-9021 -1
-35650 -1
-8038 -1
-9668 -1
-31925 -1
-9181 -1
-11459 -1
616 1
2629 1
-2710 -1
51453 1
17800 1
41591 1
12229 1
39624 1
105168 1
276889 1
178940 1
186243 1
1191217 1
1142957 1
10330 1
37457 1
-1689979 -6
9314 1
9579 1
13838 1
7203 1
-7339 -1
52416 1
-53403 -1
6491 1
55595 1
8666 1
349233 1
6485 1
-56554 -1
-8810 -1
-6600 -1
-353816 -1
42920 1
23604 1
138615 1
47826 1
174007 1
52216 1
80764 1
45732 1
25007 1
96130 1
97873 1
-9794 -1
-9528 -1
-84453 -3
81643 1
88633 1
91375 1
81499 1
51013 1
22209 1
22866 1
87669 1
187620 1
-22866 -1
-22209 -1
88181 1
88118 1
93826 1
67017 1
99374 1
67528 1
83963 1
99151 1
179049 1
113523 1
66985 1
87106 1
104466 1
63663 1
94951 1
127971 1
54980 1
45747 1
66992 1
231050 1
95140 1
43951 1
191542 1
50325 1
5533 1
56062 1
106263 1
96818 1
52280 1
61062 1
90216 1
88793 1
53171 1
96986 1
186887 1
57699 1
101169 1
75593 1
26304 1
109228 1
104620 1
61885 1
57110 1
112477 1
191403 1
95019 1
70183 1
51260 1
90663 1
58686 1
87518 1
56847 1
38233 1
89283 1
73965 1
69165 1
188012 1
86849 1
46237 1
53074 1
100795 1
88754 1
188244 1
24504 1
