524288000S
56904357 159
28376 1
12392 1
13098 1
-12392 -1
17292 1
-13098 -1
23459 1
17653 1
-17653 -1
22690 1
9973 1
-9973 -1
77842 1
81189 1
81392 1
79430 1
11544 1
11955 1
-11544 -1
12677 1
-11955 -1
-12677 -1
16368 1
18935 1
10093 1
48399 1
-58492 -2
85333 1
-85333 -1
88456 1
1416 1
20440 1
-1416 -1
-20440 -1
43116 1
20001 1
22364 1
48333 1
89410 1
10081 1
-10081 -1
9036 1
4385 1
4615 1
-4385 -1
4619 1
-4615 -1
4643 1
-4619 -1
4737 1
4947 1
-9380 -2
5365 1
-4947 -1
5521 1
-5365 -1
5583 1
-5521 -1
5571 1
-5583 -1
5851 1
-5571 -1
5993 1
-5851 -1
-5993 -1
10808 1
68857 1
68933 1
-68857 -1
69611 1
-68933 -1
70254 1
-69611 -1
70772 1
-70254 -1
71077 1
-70772 -1
70935 1
-71077 -1
71114 1
-70935 -1
71185 1
-71114 -1
71192 1
-71185 -1
71701 1
-71192 -1
71918 1
-71701 -1
72402 1
-71918 -1
72969 1
-72402 -1
73553 1
-72969 -1
451905 1
-73553 -1
800104 1
-451905 -1
-800104 -1
814058 1
9415 1
-9415 -1
16939 1
17065 1
-16939 -1
17311 1
-17065 -1
-17311 -1
39531 1
173888 1
18860 1
2570 1
10165 1
-10165 -1
58558 1
10055 1
9943 1
-19998 -2
19718 1
29794 1
10398 1
10624 1
-10398 -1
10928 1
-10624 -1
11170 1
-10928 -1
11310 1
-11170 -1
11490 1
-11310 -1
-11490 -1
20060 1
16441 1
16790 1
-16441 -1
-16790 -1
19789 1
16332 1
-16332 -1
21149 1
25407 1
767160 1
27812 1
10051 1
-10051 -1
24852 1
4039 1
32642 1
38977 1
67241 1
42716 1
538054 1
2412 1
2368 1
2359 1
2355 1
221220 1
40754 1
-40754 -1
9917 1
-9917 -1
35294 1
35476 1
-35294 -1
35928 1
-35476 -1
518540 1
-35928 -1
-518540 -1
535541 1
533585 1
543037 1
54800 1
101102 1
25349 1
25548 1
-25349 -1
25368 1
-25548 -1
25533 1
-25368 -1
47181 1
52048 1
-72714 -2
47661 1
819442 1
49611 1
71568 1
43029 1
43143 1
-43029 -1
43646 1
-43143 -1
85692 1
44087 1
-43646 -1
44220 1
-44087 -1
-44220 -1
77978 1
48303 1
37335 1
-48303 -1
43842 1
12796485 1
43316 1
38049 1
38093 1
-38049 -1
56261 1
-38093 -1
17918164 1
55644 1
17918543 1
-35892968 -3
17926465 1
10539 1
-10539 -1
12690 1
-12690 -1
740 1
18730 1
-740 -1
18778 1
-18730 -1
18570 1
-18778 -1
18458 1
-18570 -1
18560 1
-18458 -1
18392 1
-18560 -1
18396 1
-18392 -1
18404 1
-18396 -1
18204 1
17962 1
-36608 -2
18072 1
-17962 -1
17970 1
-18072 -1
17706 1
-17970 -1
17982 1
-17706 -1
17888 1
-17982 -1
17706 1
-17888 -1
17346 1
-17706 -1
17584 1
-17346 -1
17288 1
-17584 -1
17304 1
-17288 -1
17100 1
-17304 -1
16944 1
-17100 -1
16438 1
-16944 -1
16528 1
-16438 -1
-16528 -1
24720 1
1783 1
1771 1
-1783 -1
1843 1
-1771 -1
1938 1
-1843 -1
1944 1
-1938 -1
2027 1
-1944 -1
-2027 -1
1096 1
46964 1
73796 1
8344 1
-46964 -1
5610 1
5741 1
-5610 -1
5921 1
-5741 -1
8022 1
-5921 -1
10726 1
7740 1
7897 1
-7740 -1
-7897 -1
11473 1
17148 1
-17148 -1
42146 1
45345 1
56321 1
11379 1
826396 1
