524288000S
14244012 5825
2201 1
2216 1
2226 1
2206 1
2181 1
2206 1
2211 1
2186 1
2236 1
2201 1
2216 1
2176 1
2211 1
2176 1
2211 1
2216 1
2206 1
2196 1
2216 1
2191 1
2191 1
2206 1
2216 1
2231 1
2211 1
2206 1
2201 1
2211 1
2221 1
2216 1
2186 1
2201 1
2191 1
2206 1
2201 1
2216 1
2206 1
2206 1
2191 1
2211 1
2211 1
2201 1
2176 1
2216 1
2191 1
2176 1
2221 1
2206 1
2181 1
2186 1
2196 1
2176 1
2196 1
2176 1
2181 1
2211 1
2206 1
2171 1
2221 1
2186 1
2221 1
2196 1
2196 1
2201 1
2231 1
2231 1
2196 1
2241 1
2206 1
2221 1
2201 1
2221 1
2221 1
2196 1
2186 1
2196 1
2221 1
2186 1
2206 1
2206 1
2191 1
2181 1
2181 1
2186 1
2201 1
2216 1
2216 1
2221 1
2221 1
2231 1
2216 1
2211 1
2221 1
2221 1
2181 1
2216 1
2186 1
2206 1
2231 1
2181 1
2236 1
2211 1
2186 1
2196 1
2201 1
2221 1
2261 1
2201 1
2206 1
2196 1
2191 1
2211 1
2231 1
2191 1
2191 1
2226 1
2206 1
2181 1
2221 1
2226 1
2196 1
2236 1
2211 1
2206 1
2206 1
2191 1
2191 1
2191 1
2181 1
2181 1
2206 1
2196 1
2171 1
2221 1
2201 1
2221 1
2216 1
2271 1
2186 1
2236 1
2186 1
2191 1
2181 1
2221 1
2226 1
2201 1
2221 1
2231 1
2221 1
2186 1
2161 1
2231 1
2211 1
2201 1
2216 1
2196 1
2201 1
2196 1
2206 1
2196 1
2181 1
2201 1
2211 1
2186 1
2186 1
2196 1
2191 1
2181 1
2196 1
2186 1
2236 1
2241 1
2216 1
2206 1
2206 1
2231 1
2181 1
2191 1
2201 1
2201 1
2216 1
2166 1
2186 1
2186 1
2196 1
2201 1
2216 1
2216 1
2221 1
2201 1
2201 1
2211 1
2221 1
2186 1
2206 1
2221 1
2196 1
2186 1
2211 1
2206 1
2201 1
2216 1
2211 1
2221 1
2191 1
2226 1
2181 1
2206 1
2201 1
2226 1
2216 1
2216 1
2161 1
2216 1
2201 1
2206 1
2216 1
2211 1
2211 1
2211 1
2216 1
2211 1
2196 1
2211 1
2191 1
2196 1
2196 1
2216 1
2181 1
2211 1
2226 1
2176 1
2196 1
2171 1
2176 1
2211 1
2201 1
2196 1
2261 1
2201 1
2201 1
2221 1
2191 1
2226 1
2196 1
2211 1
2181 1
2206 1
2181 1
2226 1
2196 1
2176 1
2181 1
2181 1
2196 1
2226 1
2206 1
2206 1
2201 1
2226 1
2226 1
2236 1
2196 1
2186 1
2226 1
2176 1
2216 1
2186 1
2196 1
2191 1
2231 1
2221 1
2206 1
2206 1
2206 1
2186 1
2201 1
2216 1
2216 1
2221 1
2181 1
2191 1
2216 1
2231 1
2196 1
2201 1
2221 1
2181 1
2176 1
2201 1
2181 1
2226 1
2211 1
2211 1
2226 1
2191 1
2226 1
2216 1
2216 1
2211 1
2226 1
2201 1
2201 1
2186 1
2246 1
2226 1
2221 1
2216 1
2211 1
2191 1
2236 1
2221 1
2186 1
2216 1
2216 1
2186 1
2166 1
2206 1
2181 1
2186 1
2211 1
2216 1
2221 1
2201 1
2201 1
2191 1
2201 1
2196 1
2226 1
2171 1
2216 1
2186 1
2216 1
2186 1
2196 1
2206 1
2181 1
2201 1
2216 1
2191 1
2196 1
2176 1
2201 1
2186 1
2236 1
2221 1
2206 1
2181 1
2186 1
2191 1
2186 1
2186 1
2196 1
2186 1
2186 1
2186 1
2231 1
2216 1
2211 1
2196 1
2221 1
2196 1
2211 1
2221 1
2191 1
2196 1
2226 1
2211 1
2221 1
2206 1
2211 1
2211 1
2176 1
2246 1
2216 1
2196 1
2206 1
2201 1
2206 1
2231 1
2196 1
2196 1
2191 1
2181 1
2186 1
2211 1
2181 1
2211 1
2226 1
2206 1
2196 1
2181 1
2196 1
2196 1
2176 1
2206 1
2186 1
2231 1
2226 1
2261 1
2206 1
2191 1
2231 1
2196 1
2181 1
2211 1
2236 1
2206 1
2206 1
2211 1
2211 1
2216 1
2211 1
2221 1
2251 1
2191 1
2206 1
2211 1
2231 1
2206 1
2201 1
2231 1
2211 1
2186 1
2181 1
2211 1
2231 1
2211 1
2221 1
2221 1
2221 1
2211 1
2206 1
2201 1
2201 1
2206 1
2216 1
2191 1
2186 1
2191 1
2211 1
2211 1
2216 1
2201 1
2196 1
2206 1
2176 1
2206 1
2191 1
2211 1
2206 1
2226 1
2206 1
2186 1
2186 1
2196 1
2226 1
2186 1
2216 1
2206 1
2206 1
2171 1
2186 1
2221 1
2181 1
2201 1
2917 1
2928 1
-2950 -3
373 1
1435 1
6008 1
5996 1
